67 72 65 82 65 67 84 69 82
102 105 114 101 95 104 101 114 111 95 100 111 119 110 95 114 105 103 104 116 
0 0
1
10 10 10 101 0 50 50 0
2 -3
-1 -1 -1 -1 -1 -1 -1 -1 -1 -1 -1 -1 -1 -1 -1 -1 
-1 -1 -1 -1 -1 -1 -1 -1 -1 -1 -1 -1 -1 -1 
-1 -1 -1 -1 
-2
-2
2 0 0 0 10 10 2 0 0 0 15 10 2 6 0 0 10 200 -1 -1 -1 -1 -1 -1 -1 -1 -1 -1 -1 -1 -1 -1 -1 -1 -1 -1 -1 -1 -1 -1 -1 -1 
67 72 65 82 65 67 84 69 82 
98 108 97 99 107 95 104 101 114 111 95 119 104 105 116 101 95 104 111 114 115 101 95 100 111 119 110 95 114 105 103 104 116 
10 10
1
10 10 10 101 0 50 50 0
2 -3
-1 -1 -1 -1 -1 -1 -1 -1 -1 -1 -1 -1 -1 -1 -1 -1 
-1 -1 -1 -1 -1 -1 -1 -1 -1 -1 -1 -1 -1 -1 
-1 -1 -1 -1 
-2
-2
2 3 0 0 5 35 2 1 0 0 10 10 -1 -1 -1 -1 -1 -1 -1 -1 -1 -1 -1 -1 -1 -1 -1 -1 -1 -1 -1 -1 -1 -1 -1 -1 -1 -1 -1 -1 -1 -1 
67 72 65 82 65 67 84 69 82 
98 108 97 99 107 95 104 101 114 111 95 119 104 105 116 101 95 104 111 114 115 101 95 100 111 119 110 95 114 105 103 104 116 
12 12
1
12 15 8 21 0 43 43 0
5 -2
-1 -1 -1 -1 -1 -1 -1 -1 -1 -1 -1 -1 -1 -1 -1 -1 
-1 -1 -1 -1 -1 -1 -1 -1 -1 -1 -1 -1 -1 -1 
-1 -1 -1 -1 
-2
-2
2 4 0 0 5 30 2 0 0 0 5 10 -1 -1 -1 -1 -1 -1 -1 -1 -1 -1 -1 -1 -1 -1 -1 -1 -1 -1 -1 -1 -1 -1 -1 -1 -1 -1 -1 -1 -1 -1 
